real_20_reps <- c(121348280.848774 ,  73945750.8996918 ,  45809062.8805382 ,  26965924.7917093 ,  16245398.7670753 ,  6791087.4821181 ,  2380666.27550914 ,  2142068.13370757 ,  121348280.848769 ,  73945476.2219809 ,  46338080.1412344 ,  26965032.4200134 ,  17512083.9652836 ,  6803484.98557199 ,  2371557.48577887 ,  1706807.03987558 ,  121348280.848783 ,  75777968.4955758 ,  52572191.4898759 ,  26967300.677964 ,  16246819.0690181 ,  6790759.90460837 ,  2400611.19780996 ,  1792308.70085569 ,  121348280.848775 ,  75777749.9303783 ,  46337976.6499236 ,  34961560.8473581 ,  16094065.7380501 ,  6802374.62992794 ,  2457797.19343587 ,  143207.438365625 ,  121348280.848754 ,  75777793.4387301 ,  46339515.2414293 ,  26965884.339467 ,  16245439.505393 ,  6791504.28227219 ,  2688794.53546578 ,  639053.427215363 ,  121348280.848782 ,  73945310.3166717 ,  45806029.0877004 ,  36144587.2665764 ,  16258890.8949824 ,  6788100.0176076 ,  2449727.25554951 ,  1521085.99806552 ,  121348280.848763 ,  73945563.1829095 ,  46338466.8600439 ,  34640652.7465009 ,  16105221.8944581 ,  6816724.45468324 ,  2420419.41161793 ,  791908.215265914 ,  121348280.848774 ,  73945331.2560134 ,  45810344.6672193 ,  34633376.210527 ,  17518606.3573184 ,  6793743.07763564 ,  2878232.44974791 ,  2074434.91271091 ,  121348280.848776 ,  75778113.530374 ,  46338257.9828331 ,  26970583.3450366 ,  17512318.0317276 ,  6790281.06600925 ,  2465621.50527654 ,  88284.2905203079 ,  121348280.848773 ,  73945296.1241422 ,  46338005.1552736 ,  34927893.8654451 ,  16247808.4856192 ,  6796706.22211988 ,  2443840.90119156 ,  1674725.91942201 ,  121348280.848768 ,  73945325.5917557 ,  45805072.5123675 ,  26972330.2975249 ,  16097167.5943801 ,  6798454.61050786 ,  2376017.50502249 ,  1677438.82981673 ,  121348280.848763 ,  73945399.0732398 ,  45806059.2749502 ,  27078491.0872928 ,  16259517.970052 ,  6791965.70891032 ,  5727488.67052086 ,  69801.1168066535 ,  121348280.848767 ,  73945305.9520803 ,  46338003.8673073 ,  26965103.9835465 ,  16244643.6116308 ,  6789046.9765482 ,  5686526.64217264 ,  67744.6069840961 ,  121348280.848765 ,  75778108.4772196 ,  46338545.26213 ,  26965709.4985177 ,  17511538.4335265 ,  6795140.99666439 ,  2476129.02309199 ,  407435.435030563 ,  121348280.848776 ,  75778009.3610571 ,  46339092.5968194 ,  27084665.964469 ,  16247931.0660671 ,  6789632.70839972 ,  2401886.39650209 ,  2218389.42183796 ,  121348280.848774 ,  73945318.295305 ,  52566789.4930118 ,  27083125.0201665 ,  17058806.3410899 ,  11582296.483344 ,  2386794.33152153 ,  587642.74409583 ,  121348280.848765 ,  75777866.5238622 ,  45808313.3279916 ,  26965611.20863 ,  16094667.8844777 ,  13032976.8658106 ,  5720719.78608884 ,  178946.317777563 ,  121348280.848775 ,  75778050.007147 ,  45806492.0932798 ,  26971704.9469187 ,  16245013.1900475 ,  6795981.25222492 ,  2439955.8924866 ,  51666.1360463532,  121348280.848766 ,  75490288.6564467 ,  45809643.3460855 ,  26966558.4338952 ,  17514574.2972365 ,  6796629.88666261 ,  2394215.59869327 ,  155812.556804536 ,  121348280.848765 ,  73945399.3182607 ,  46337978.3301179 ,  26964967.3749122 ,  17514642.7375145 ,  6793260.72144202 ,  4584297.65052285 ,  1440154.65015354)

random_20_reps <- c(137377549.246896, 96988452.0972506, 56856776.0138404, 32990674.3064197, 20414142.1153912, 13202838.5186032, 3992265.71408814, 19621.0707678061, 137295424.510825, 92110065.4588363, 56895007.4965232, 33046489.6591729, 20015301.7020758, 10813293.3886535, 3995420.59931631, 30005.5988130353, 137271324.600699, 94963265.2842661, 58664263.2300063, 33020120.2207633, 21213564.7296406, 10898178.7329143, 3985727.01600827, 1340.08290431735, 137387960.989131, 97034238.2395385, 64480814.994841, 33013834.678367, 20337610.7882325, 12375481.2443116, 3990024.33157821, 3744802.18402154, 137296607.396797, 96961370.2309978, 58708430.8593268, 33014358.865499, 20534872.1389931, 13207282.5055265, 3985786.04247071, 12820.6869320882, 137286753.184924, 94999243.4358777, 58658146.1954596, 33027228.4706613, 23127519.3887046, 11183578.0435701, 3988415.82863316, 6491.07125453785, 137230793.73006, 92107226.1500026, 56853336.060219, 33024693.3654311, 20537701.5501813, 11208582.9213976, 3994570.23733806, 8365.89817856813, 137326969.260097, 92241911.5486142, 56859049.0070621, 32988058.8982625, 21176957.8500178, 10784777.7844925, 3989842.9028479, 12867.3154647898, 137261886.180974, 94856712.6880849, 56840219.2569945, 33008343.7481215, 20353943.4185011, 12381146.9375837, 9222344.34944244, 14172.4401387241, 137348703.987567, 92215323.7218719, 73115896.412664, 33016061.2838009, 21696480.3993278, 13212094.1297046, 3987616.22717742, 22102.1313666287, 137323314.230515, 96951845.804633, 56843594.7088387, 33009601.0352667, 21195318.1682632, 11184188.1019227, 8372957.12226498, 3715126.20786732, 137385328.42172, 96985063.8177522, 64569029.7535094, 33015117.3691635, 20416837.866921, 10819670.8756449, 3994678.10543602, 20171.8152389887, 137348307.149491, 94278958.9349433, 58702967.9947268, 33017258.650209, 23107996.807003, 12385513.9599482, 3991178.33872488, 17343.6560311543, 137444462.416428, 95164731.4775034, 64545924.390981, 32991855.9476575, 20404325.4187401, 10805729.1125905, 3989240.69699818, 6323.27042828337, 137308269.098874, 92210097.6096004, 59859474.0868495, 33007540.8626179, 21684005.6043615, 10811904.5146949, 3991536.30246116, 21836.4465083637, 137334909.077379, 92149966.4641693, 58690771.8542673, 33049282.2949582, 20408080.4790888, 12369067.5831556, 3986530.86196654, 19388.9448520612, 137350075.68024, 96968082.7522369, 58716517.6585868, 33027754.1538938, 24672797.1843376, 13209897.5354563, 3986594.23226925, 11041.4206263753, 137269841.987147, 94272610.8373805, 56864359.1865338, 33006404.8952302, 21682468.4950099, 14844217.6329184, 3996566.67892643, 5066.31379629919, 137266422.566702, 92123480.1520106, 58684387.3801582, 33023248.1221985, 20018518.193671, 11839008.0689134, 3997789.65704999, 186.316606169753, 137275234.705971, 92242940.4788657, 67257160.1506545, 33037744.1145888, 21201252.3903298, 10826504.610101, 3998371.14704749, 3907968.12611954)

all_reps <- data.frame(real = real_20_reps, random = random_20_reps)
